Webots Project File version R2023b
perspectives: 000000ff00000000fd00000002000000010000011c000002f1fc0200000001fb0000001400540065007800740045006400690074006f00720000000016000002f10000003f00ffffff000000030000073e00000039fc0100000001fb0000001a0043006f006e0073006f006c00650041006c006c0041006c006c01000000000000073e0000006900ffffff0000073e0000039100000001000000020000000100000008fc00000000
simulationViewPerspectives: 000000ff0000000100000002000002fa000004420100000002010000000100
sceneTreePerspectives: 000000ff00000001000000030000001c00000335000000000100000002010000000200
maximizedDockId: -1
centralWidgetVisible: 1
orthographicViewHeight: 1
textFiles: -1
consoles: Console:All:All
renderingDevicePerspectives: Tiago:camera_color;1;0.895833;0;0
renderingDevicePerspectives: Tiago:camera_depth;1;0.895833;0;0
